2722
2977
2720
2761
3348
2787
2486
3247
3050
2950
3372
3191
2941
2416
2315
2900
2358
2624
3085
2892
2676
2409
2690
2515
2565
2829
2873
2388
2814
2141
2743
2539
2847
2970
2685
2524
2711
3041
2731
2670
2524
2841
2562
2260
3128
2298
3292
2922
2821
2657
2628
3145
2619
2596
2690
2420
2879
2809
2861
2611
2115
2619
2455
2475
2515
2614
2164
2734
2549
2341
2573
2914
3080
3046
3012
3163
2472
2193
3063
2678
2974
2877
3003
2411
2943
2179
2285
2694
3288
2088
3114
3201
2898
1969
2892
2991
2619
2663
2971
2747
2461
2847
2214
2513
3300
2463
2904
2650
2877
2755
3119
2730
2400
2801
2842
2711
3583
2283
3190
2699
3134
2245
2634
3235
2569
2476
3062
2018
2406
2512
2203
3180
2515
2294
2731
3104
2201
3347
2966
2726
3337
2495
2183
2954
2947
3091
2492
3452
2412
3021
2565
2786
2817
2805
2480
3093
1808
2415
3018
2870
2512
2944
2850
2795
2821
2314
2708
2840
2842
2798
2534
2164
2575
3372
2851
2258
2424
2689
1822
2847
2735
2942
2888
2780
2299
2569
2531
3054
2710
2679
2727
2142
2545
2232
2921
2713
2643
3489
2558
2659
2918
2773
2601
2539
2705
3071
3248
2581
2638
3167
2911
3159
3090
2636
2981
3154
3022
2796
2656
2555
2978
2346
2320
3359
2708
2370
2795
2792
2775
2765
2695
2646
2935
1911
2789
2715
1970
2905
2314
1644
2137
2206
2663
2761
2345
3074
2310
3245
2289
3336
2661
2434
2471
3484
3003
3044
2407
2766
2130
2916
2627
2614
3697
3462
2965
2445
2275
3058
2838
2896
2828
3426
3408
2936
2844
2294
2131
2345
2670
2927
2448
3095
3194
2267
2900
2687
2720
3123
2800
2496
3055
2246
2990
2489
3018
2684
2699
2659
2828
2859
2412
2741
2685
2718
2376
3075
3741
3009
2555
2868
2652
2465
3468
2678
2377
2717
2770
2082
2493
2140
2404
2603
2415
2581
2756
3173
2516
2740
3110
2321
3044
2998
2710
3201
2780
3154
2188
2497
3098
2312
2708
2692
2618
2612
2428
2344
2311
2542
2487
2751
2933
2494
3571
2808
1991
2271
3148
2260
2669
3149
2385
2545
2942
3053
2319
2219
3189
2311
3163
2540
2704
2631
2973
3186
3145
2814
2480
2235
2558
2806
3054
2861
2855
2866
3146
2335
2669
2511
3181
2785
2736
2738
2530
2883
2919
2508
2401
2845
2841
3327
2769
2890
2745
2776
2818
2838
2118
2554
2471
2746
2479
3502
2513
2649
2334
2872
2898
2536
3156
2287
2312
2341
2572
2891
2343
3642
2598
2449
3068
2655
2261
2321
2875
2231
3116
2653
2884
2895
2937
2499
3039
3043
3373
3520
3571
2335
2851
2690
3262
2840
3017
2198
2785
2741
1904
2169
2776
3371
3344
2949
2637
2824
2513
2535
2693
2424
2392
2587
3270
2616
2847
2801
2756
2834
2560
3099
3047
3216
2781
3042
2812
2760
2529
2109
2020
2023
2806
2392
2316
2024
2304
3126
2982
2668
2488
2860
3121
2003
2740
3132
2761
2454
2217
2683
2735
2644
2439
2174
2742
2293
2724
2881
3100
1859
2690
2370
3345
2888
2751
2689
2057
2680
3404
2689
2373
2404
2660
2961
2731
3113
2542
2955
2857
2900
2362
2775
2335
2213
2576
2957
2367
2264
2573
2490
2197
2658
2803
2810
3020
2797
2422
2425
2898
2377
2862
2275
2599
3098
3243
2689
2599
3028
3229
2593
3400
2625
2428
2404
2979
2607
2507
2618
2979
2761
2351
2708
2318
2619
2859
2573
2778
3142
2997
2959
2655
2974
3389
2732
2668
2892
2723
2239
3135
2983
2625
2877
2927
2096
2836
2794
2457
2515
2852
2468
2847
2758
2775
2900
2990
2577
3428
2679
3714
2946
3575
2641
3439
2643
2074
2724
3337
2914
2349
2982
2851
2799
3068
2821
2288
2821
2489
2721
2711
2897
3130
2740
2815
1916
2730
2190
3261
3019
2580
2697
2420
2172
2261
2629
2512
3007
3050
2949
2513
2591
2338
2671
2322
3329
2710
3070
2996
2550
2872
2816
3550
2208
2851
2640
2465
3308
2619
2795
2927
2609
3258
3383
3167
3272
2898
2868
2546
2342
2559
2711
2935
1883
2693
3183
2631
2296
2835
2273
2988
2602
3832
2506
2739
2516
2425
2927
2888
2370
2564
3208
2338
3007
2579
2710
2758
2568
2821
2636
2702
2937
2902
2664
2414
2282
2907
2824
2864
2390
3242
2517
2489
3420
2847
2700
2994
2544
2070
3334
2735
3032
2544
2498
2302
2414
3066
3314
2615
2668
1877
3357
3378
3178
2932
2814
2875
2833
2251
3014
3145
2233
3015
3024
2181
2853
2671
3220
2843
2650
2471
2538
2684
3052
2358
2404
2200
2522
2711
2789
3315
2701
2345
2834
3093
2580
1972
2332
2540
2670
2297
2285
2949
2117
3094
2760
2901
3818
3210
2732
3331
2849
2746
2248
2205
3315
3260
3219
2564
2204
2567
2780
2648
2853
3117
3357
2610
2798
3057
2843
2693
2810
3049
2978
2952
3288
2500
3313
2709
2777
2462
3232
2689
3286
3055
2905
2521
2370
2926
3004
2651
2753
2905
2240
2571
2037
2572
2631
2944
3152
2341
2680
3119
2397
2584
2687
2735
3223
3076
3162
2630
2882
2925
3072
2532
3075
2981
2291
2557
2090
2320
2434
3480
2599
2325
2547
2730
2647
2599
2578
3121
2755
3486
2349
3157
3407
2587
2578
2272
2761
2569
2369
2521
2923
2963
2833
3346
2625
3021
2548
2751
2772
2626
3086
2960
3310
3009
2960
2502
3057
2415
2907
2919
2778
2927
3097
2759
2515
2811
2855
2552
2873
2532
2693
2131
2347
2660
3041
2859
2546
2374
3091
2973
2197
2783
3286
3149
2540
2914
2789
2693
2336
2998
2826
2544
2250
2267
2850
2422
2837
3294
2884
2452
2711
2690
2684
3142
2889
2798
2967
2826
2459
2494
3503
2718
2843
2332
3173
2429
2620
2335
2834
2882
2127
2327
2885
2779
3044
2913
3255
2367
2392
3050
3247
2136
2722
2832
1772
2710
2509
2773
2746
2375
2779
3062
2799
3002
1840
2383
2481
2853
2506
3440
2653
2664
2948
3063
2968
