105
115
74
236
186
171
227
70
84
248
231
141
46
99
201
154
13
183
163
90
5
23
94
212
205
198
84
17
116
65
220
135
62
161
252
103
126
151
107
150
92
42
59
251
60
84
219
92
254
67
170
58
209
230
124
148
190
97
92
187
15
149
241
179
247
0
58
229
203
208
100
189
30
168
100
197
90
197
121
99
100
36
9
220
172
242
175
59
227
80
21
92
34
25
125
245
26
28
248
41
27
19
78
232
56
224
61
52
78
119
108
5
33
43
85
162
181
115
92
211
179
175
228
158
21
73
78
169
212
178
84
72
188
213
168
68
243
142
45
155
229
6
175
205
127
45
118
71
28
236
48
246
133
108
7
4
11
185
134
195
241
236
51
183
163
227
217
52
160
242
246
5
190
180
120
250
230
35
218
105
76
126
179
72
58
148
153
144
68
238
233
229
8
245
94
83
210
178
250
84
