103
198
81
255
41
205
242
251
124
194
27
232
118
90
51
159
102
50
49
88
37
93
88
233
171
178
155
180
14
130
33
61
112
233
65
225
62
1
234
220
143
56
236
176
50
175
236
24
2
26
251
250
251
41
5
60
117
216
137
249
168
153
177
235
5
239
233
161
202
11
72
71
31
35
28
123
20
115
94
75
59
112
17
158
170
212
27
16
51
205
72
71
187
111
186
155
11
225
127
35
248
164
181
202
152
50
121
77
188
95
250
203
172
134
170
26
190
112
59
4
54
148
226
240
79
50
253
130
8
112
138
41
154
10
14
24
172
91
76
215
9
66
196
51
163
132
173
212
222
50
74
196
32
35
251
178
244
236
32
186
62
5
217
103
153
80
20
211
247
94
16
168
148
1
188
68
73
105
208
26
106
126
81
37
132
83
251
49
50
87
155
188
37
207
233
226
96
170
208
133
